Bell:70.194;1.799999999999993;0.0;0.0;0.008863790427818988;0.0;
Claps:24.502;1.5692307692307643;0.0;0.0;0.014904236056407944;0.0;
FireAlarmSound:33.637;14.170637255901823;0.00183056640625;1.7625815975168708E-5;0.053709628676712265;592.9406299968608;
